20
    1     10000.000000    0.00000000   
    2     12077.446289    0.00181516   
    3     15379.805664    0.01114291   
    4     18045.183594    0.03412116   
    5     19755.109375    0.07353383   
    6     20429.863281    0.13002251   
    7     20097.402344    0.20247594   
    8     18864.750000    0.28832296   
    9     16899.468750    0.38389215   
   10     14411.124023    0.48477158   
   11     11632.758789    0.58616841   
   12      8802.356445    0.68326861   
   13      6144.314941    0.77159661   
   14      3850.913330    0.84737492   
   15      2063.779785    0.90788388   
   16       855.361755    0.95182151   
   17       467.333588    0.96764523   
   18       210.393890    0.97966272   
   19        65.889244    0.98827010   
   20         7.367743    0.99401945   
   21         0.0         1.0000
